{
 "cells": [
  {
   "cell_type": "code",
   "execution_count": 91,
   "metadata": {},
   "outputs": [],
   "source": [
    "from ast import literal_eval"
   ]
  },
  {
   "cell_type": "code",
   "execution_count": 92,
   "metadata": {},
   "outputs": [],
   "source": [
    "final = open (\"final.txt\", \"a\")\n",
    "result = open (\"D:\\\\Academic\\\\ACA\\\\SEM5 TRONIC ACA\\\\SEMESTER 5\\\\CSD\\\\FPGA\\\\00 - Git\\\\fpga-quartus\\\\16-bit\\\\MULTI_CORE_edit\\\\result.txt\", \"r\")\n",
    "d_mem = open (\"D:\\\\Academic\\\\ACA\\\\SEM5 TRONIC ACA\\\\SEMESTER 5\\\\CSD\\\\FPGA\\\\00 - Git\\\\fpga-quartus\\\\16-bit\\\\MULTI_CORE_edit\\\\data_mem.txt\", \"r\")"
   ]
  },
  {
   "cell_type": "code",
   "execution_count": 93,
   "metadata": {},
   "outputs": [],
   "source": [
    "core_1_rows = int(literal_eval('0x' + d_mem.readline().strip()))\n",
    "core_2_rows = int(literal_eval('0x' + d_mem.readline().strip()))\n",
    "core_3_rows = int(literal_eval('0x' + d_mem.readline().strip()))\n",
    "core_4_rows = int(literal_eval('0x' + d_mem.readline().strip()))\n",
    "core_5_rows = int(literal_eval('0x' + d_mem.readline().strip()))\n",
    "core_6_rows = int(literal_eval('0x' + d_mem.readline().strip()))\n",
    "core_7_rows = int(literal_eval('0x' + d_mem.readline().strip()))\n",
    "core_8_rows = int(literal_eval('0x' + d_mem.readline().strip()))\n",
    "core_rows = [core_1_rows, core_2_rows, core_3_rows, core_4_rows, core_5_rows, core_6_rows, core_7_rows, core_8_rows]\n",
    "M = int(literal_eval('0x' + d_mem.readline().strip()))\n",
    "N = int(literal_eval('0x' + d_mem.readline().strip()))"
   ]
  },
  {
   "cell_type": "code",
   "execution_count": 94,
   "metadata": {},
   "outputs": [],
   "source": [
    "mem_start_core_1 = 1023 + 3\n",
    "mem_start_core_8 = 1151 + 3\n",
    "mem_start_core_4 = 1279 + 3\n",
    "mem_start_core_5 = 1407 + 3\n",
    "mem_start_core_2 = 1535 + 3\n",
    "mem_start_core_7 = 1663 + 3\n",
    "mem_start_core_3 = 1791 + 3\n",
    "mem_start_core_6 = 1919 + 3"
   ]
  },
  {
   "cell_type": "code",
   "execution_count": 95,
   "metadata": {},
   "outputs": [
    {
     "name": "stdout",
     "output_type": "stream",
     "text": [
      "[[594, 106, 260, 807, 1210, 2366, 735, 127, 321, 998, 1472, 2937, 591, 103, 257, 799, 1208, 2351, 735, 127, 321, 998, 1472, 2933], [], [742, 134, 328, 1020, 1476, 2960, 594, 106, 260, 827, 1206, 2370, 747, 139, 333, 1010, 1484, 2989, 591, 103, 257, 799, 1208, 2359], [747, 139, 333, 1015, 1483, 2983, 736, 128, 322, 1009, 1471, 2940, 747, 139, 333, 1010, 1484, 2977, 736, 128, 322, 999, 1473, 2936], [591, 103, 257, 804, 1207, 2353, 734, 126, 320, 997, 1471, 2930, 739, 131, 325, 1007, 1475, 2947, 590, 102, 256, 798, 1207, 2348], [], [739, 131, 325, 1002, 1476, 2945, 736, 128, 322, 999, 1473, 2944, 598, 110, 264, 806, 1215, 2384, 741, 133, 327, 1004, 1478, 2979], []]\n"
     ]
    }
   ],
   "source": [
    "count = 0\n",
    "matt = []\n",
    "row = []\n",
    "for i in result:\n",
    "    if (core_2_rows == core_3_rows == core_4_rows == 0):\n",
    "        if((mem_start_core_1 <= count < 255) and (i != \"xxxx\\n\")):\n",
    "            x = '0x' + i.strip()\n",
    "            row.append(literal_eval(x))\n",
    "    elif ((core_1_rows >= 1 and core_2_rows >= 1) and (core_3_rows == core_4_rows == 0)):\n",
    "        if((mem_start_core_1 <= count < mem_start_core_2) and (i != \"xxxx\\n\")):\n",
    "            x = '0x' + i.strip()\n",
    "            row.append(literal_eval(x)) \n",
    "        if (count == mem_start_core_2):\n",
    "            matt.append(row)\n",
    "            row = []\n",
    "        if((mem_start_core_2 <= count < 255) and (i != \"xxxx\\n\")):\n",
    "            x = '0x' + i.strip()\n",
    "            row.append(literal_eval(x))\n",
    "    else:\n",
    "        if((mem_start_core_1 <= count < mem_start_core_8) and (i != \"xxxx\\n\")):             #core1\n",
    "            x = '0x' + i.strip()\n",
    "            row.append(literal_eval(x))\n",
    "        if (count == mem_start_core_8):\n",
    "            matt.append(row)\n",
    "            row = []\n",
    "        if((mem_start_core_8 <= count < mem_start_core_4) and (i != \"xxxx\\n\")):             #core8\n",
    "            x = '0x' + i.strip()\n",
    "            row.append(literal_eval(x))\n",
    "        if (count == mem_start_core_4):\n",
    "            matt.append(row)\n",
    "            row = []\n",
    "        if((mem_start_core_4 <= count < mem_start_core_5) and (i != \"xxxx\\n\")):             #core4\n",
    "            x = '0x' + i.strip()\n",
    "            row.append(literal_eval(x))\n",
    "        if (count == mem_start_core_5):\n",
    "            matt.append(row)\n",
    "            row = []\n",
    "        if((mem_start_core_5 <= count < mem_start_core_2) and (i != \"xxxx\\n\")):             #core5\n",
    "            x = '0x' + i.strip()\n",
    "            row.append(literal_eval(x))\n",
    "        if (count == mem_start_core_2):\n",
    "            matt.append(row)\n",
    "            row = []\n",
    "        if((mem_start_core_2 <= count < mem_start_core_7) and (i != \"xxxx\\n\")):             #core2\n",
    "            x = '0x' + i.strip()\n",
    "            row.append(literal_eval(x))\n",
    "        if (count == mem_start_core_7):\n",
    "            matt.append(row)\n",
    "            row = []\n",
    "        if((mem_start_core_7 <= count < mem_start_core_3) and (i != \"xxxx\\n\")):              #core7\n",
    "            x = '0x' + i.strip()\n",
    "            row.append(literal_eval(x))\n",
    "        if (count == mem_start_core_3):\n",
    "            matt.append(row)\n",
    "            row = []\n",
    "        if((mem_start_core_3 <= count < mem_start_core_6) and (i != \"xxxx\\n\")):             #core3\n",
    "            x = '0x' + i.strip()\n",
    "            row.append(literal_eval(x))\n",
    "        if (count == mem_start_core_6):\n",
    "            matt.append(row)\n",
    "            row = []\n",
    "        if((mem_start_core_6 <= count) and (i != \"xxxx\\n\")):                                #core6\n",
    "            x = '0x' + i.strip()\n",
    "            row.append(literal_eval(x))\n",
    "    if (count == 2047):\n",
    "        matt.append(row)\n",
    "        row = []\n",
    "    count += 1\n",
    "    \n",
    "print (matt)\n",
    "if(core_1_rows >= 1 and core_2_rows >= 1 and (core_3_rows >=1 or core_4_rows >= 1)):\n",
    "    matt = [matt[0], matt[4], matt[6], matt[2], matt[3], matt[7], matt[5], matt[1]]"
   ]
  },
  {
   "cell_type": "code",
   "execution_count": 96,
   "metadata": {},
   "outputs": [
    {
     "name": "stdout",
     "output_type": "stream",
     "text": [
      "[[594, 106, 260, 807, 1210, 2366, 735, 127, 321, 998, 1472, 2937, 591, 103, 257, 799, 1208, 2351, 735, 127, 321, 998, 1472, 2933], [591, 103, 257, 804, 1207, 2353, 734, 126, 320, 997, 1471, 2930, 739, 131, 325, 1007, 1475, 2947, 590, 102, 256, 798, 1207, 2348], [739, 131, 325, 1002, 1476, 2945, 736, 128, 322, 999, 1473, 2944, 598, 110, 264, 806, 1215, 2384, 741, 133, 327, 1004, 1478, 2979], [742, 134, 328, 1020, 1476, 2960, 594, 106, 260, 827, 1206, 2370, 747, 139, 333, 1010, 1484, 2989, 591, 103, 257, 799, 1208, 2359], [747, 139, 333, 1015, 1483, 2983, 736, 128, 322, 1009, 1471, 2940, 747, 139, 333, 1010, 1484, 2977, 736, 128, 322, 999, 1473, 2936], [], [], []]\n"
     ]
    }
   ],
   "source": [
    "print (matt)"
   ]
  },
  {
   "cell_type": "code",
   "execution_count": 97,
   "metadata": {},
   "outputs": [
    {
     "name": "stdout",
     "output_type": "stream",
     "text": [
      "[4, 4, 4, 4, 4, 0, 0, 0]\n",
      "24\n",
      "6\n",
      "24\n",
      "6\n",
      "24\n",
      "6\n",
      "24\n",
      "6\n",
      "24\n",
      "6\n",
      "[[594, 106, 260, 807, 1210, 2366], [735, 127, 321, 998, 1472, 2937], [591, 103, 257, 799, 1208, 2351], [735, 127, 321, 998, 1472, 2933], [591, 103, 257, 804, 1207, 2353], [734, 126, 320, 997, 1471, 2930], [739, 131, 325, 1007, 1475, 2947], [590, 102, 256, 798, 1207, 2348], [739, 131, 325, 1002, 1476, 2945], [736, 128, 322, 999, 1473, 2944], [598, 110, 264, 806, 1215, 2384], [741, 133, 327, 1004, 1478, 2979], [742, 134, 328, 1020, 1476, 2960], [594, 106, 260, 827, 1206, 2370], [747, 139, 333, 1010, 1484, 2989], [591, 103, 257, 799, 1208, 2359], [747, 139, 333, 1015, 1483, 2983], [736, 128, 322, 1009, 1471, 2940], [747, 139, 333, 1010, 1484, 2977], [736, 128, 322, 999, 1473, 2936]]\n"
     ]
    }
   ],
   "source": [
    "#matt = [[55, 35, 115,35, 55, 95,55, 35, 115]]\n",
    "#core_rows = [3,0,0,0]\n",
    "\n",
    "final_mat = []\n",
    "print (core_rows)\n",
    "for j in range(8):\n",
    "    if(core_rows[j] > 1):\n",
    "        l = len(matt[j])\n",
    "        print(l)\n",
    "        no_per_row = int(l/core_rows[j])\n",
    "        print (no_per_row)\n",
    "        counter = 0\n",
    "        while (counter != l):\n",
    "            row = []\n",
    "            for i in range(no_per_row):\n",
    "                row.append(matt[j][counter])\n",
    "                counter +=1\n",
    "            final_mat.append(row)\n",
    "            #counter += no_per_row\n",
    "    elif (core_rows[j] == 1):\n",
    "        final_mat.append(matt[j])\n",
    "print (final_mat)"
   ]
  },
  {
   "cell_type": "code",
   "execution_count": 90,
   "metadata": {},
   "outputs": [],
   "source": [
    "final.write(\"\\n\" + \"\\n\" + \"Multiplied Matrix(From FPGA)\" + \"\\n\")\n",
    "for i in final_mat:\n",
    "    final.write(str(i)) \n",
    "    final.write(\"\\n\")\n",
    "final.close()"
   ]
  }
 ],
 "metadata": {
  "interpreter": {
   "hash": "9d3bae0a0f66551680ef8a166f6b92cc2774d5d7901f027deb7bb883ed06d5ae"
  },
  "kernelspec": {
   "display_name": "Python 3",
   "language": "python",
   "name": "python3"
  },
  "language_info": {
   "codemirror_mode": {
    "name": "ipython",
    "version": 3
   },
   "file_extension": ".py",
   "mimetype": "text/x-python",
   "name": "python",
   "nbconvert_exporter": "python",
   "pygments_lexer": "ipython3",
   "version": "3.6.4"
  }
 },
 "nbformat": 4,
 "nbformat_minor": 2
}
